Starting preprocessing of the model file ...
Found 8 equation(s).
Evaluating expressions...done
Computing static model derivatives (order 1).
Computing dynamic model derivatives (order 1).
Processing outputs ...
done
Preprocessing completed.

STEADY-STATE RESULTS:

z      		 1
k      		 60.6232
U      		 0.647061
c      		 2.84776
i      		 0.899294
deltaT 		 0.0148341
x      		 0
y      		 3.74706

EIGENVALUES:
         Modulus             Real        Imaginary

       2.026e-20        2.026e-20                0
       1.329e-17       -1.329e-17                0
         0.02176          0.02176                0
             0.9              0.9                0
          0.9864           0.9864                0
           1.022            1.022                0
       4.632e+32        4.632e+32                0
       1.114e+36        1.114e+36                0
             Inf             -Inf                0
             Inf             -Inf                0


There are 5 eigenvalue(s) larger than 1 in modulus 
for 5 forward-looking variable(s)

The rank condition is verified.


MODEL SUMMARY

  Number of variables:         8
  Number of stochastic shocks: 1
  Number of state variables:   5
  Number of jumpers:           5
  Number of static variables:  1


MATRIX OF COVARIANCE OF EXOGENOUS SHOCKS
Variables           e
e            0.000500

POLICY AND TRANSITION FUNCTIONS
                                   z               k               U               c               i          deltaT               x               y
Constant                    1.000000       60.623223        0.647061        2.847763        0.899294        0.014834               0        3.747057
i(-1)                              0        0.021517       -0.000129        0.000465        0.021517       -0.000004               0        0.021982
x(-1)                       0.900000        1.849924       -0.011085        0.285272        1.849924       -0.000381        0.900000        2.135196
z(-1)                              0        0.747843        0.358781        0.000115        0.747843        0.012338               0        0.747958
k(-1)                              0        0.974308       -0.005838        0.020608       -0.010858       -0.000201               0        0.009750
deltaT(-1)                         0      -59.955093        0.359259       -1.268117        0.668130        0.012354               0       -0.599987
e                           1.000000        2.055471       -0.012317        0.316969        2.055471       -0.000424        1.000000        2.372440


MOMENTS OF SIMULATED VARIABLES
VARIABLE              MEAN       STD. DEV.        VARIANCE        SKEWNESS        KURTOSIS
z                 0.987899        0.050891        0.002590       -0.035279        0.186763
k                58.775957        2.439420        5.950769        0.078246        0.087209
U                 0.653696        0.018946        0.000359       -0.539189        0.776077
c                 2.805573        0.057276        0.003281        0.110657        0.170262
i                 0.885186        0.137326        0.018858       -0.218151        0.239802
deltaT            0.015062        0.000652        0.000000       -0.539189        0.776077
x                -0.012101        0.050891        0.002590       -0.035279        0.186763
y                 3.690759        0.167250        0.027973        0.073764        0.210857


CORRELATION OF SIMULATED VARIABLES
VARIABLE         z       k       U       c       i  deltaT       x       y
z           1.0000  0.3300  0.6265  0.5277  0.9771  0.6265  1.0000  0.9830
k           0.3300  1.0000 -0.4168  0.9760  0.1624 -0.4168  0.3300  0.4676
U           0.6265 -0.4168  1.0000 -0.2330  0.7773  1.0000  0.6265  0.5584
c           0.5277  0.9760 -0.2330  1.0000  0.3708 -0.2330  0.5277  0.6469
i           0.9771  0.1624  0.7773  0.3708  1.0000  0.7773  0.9771  0.9481
deltaT      0.6265 -0.4168  1.0000 -0.2330  0.7773  1.0000  0.6265  0.5584
x           1.0000  0.3300  0.6265  0.5277  0.9771  0.6265  1.0000  0.9830
y           0.9830  0.4676  0.5584  0.6469  0.9481  0.5584  0.9830  1.0000


AUTOCORRELATION OF SIMULATED VARIABLES
VARIABLE         1       2       3       4       5
z           0.9020  0.8072  0.7136  0.6358  0.5713
k           0.9980  0.9952  0.9911  0.9857  0.9793
U           0.9106  0.8302  0.7508  0.6853  0.6312
c           0.9914  0.9826  0.9725  0.9623  0.9520
i           0.9343  0.8279  0.7256  0.6376  0.5653
deltaT      0.9106  0.8302  0.7508  0.6853  0.6312
x           0.9020  0.8072  0.7136  0.6358  0.5713
y           0.9434  0.8552  0.7699  0.6961  0.6351
Total computing time : 0h00m03s
