Starting preprocessing of the model file ...
Found 8 equation(s).
Evaluating expressions...done
Computing static model derivatives (order 1).
Computing dynamic model derivatives (order 1).
Processing outputs ...
done
Preprocessing completed.

STEADY-STATE RESULTS:

z      		 1
k      		 60.6232
U      		 0.647061
c      		 2.84776
i      		 0.899294
deltaT 		 0.0148341
x      		 9.77849e-23
y      		 3.74706

EIGENVALUES:
         Modulus             Real        Imaginary

       1.841e-16        1.841e-16                0
             0.9              0.9                0
          0.9864           0.9864                0
           1.021            1.021                0


There are 1 eigenvalue(s) larger than 1 in modulus 
for 1 forward-looking variable(s)

The rank condition is verified.


MODEL SUMMARY

  Number of variables:         8
  Number of stochastic shocks: 1
  Number of state variables:   3
  Number of jumpers:           1
  Number of static variables:  4


MATRIX OF COVARIANCE OF EXOGENOUS SHOCKS
Variables           e
e            0.000500

POLICY AND TRANSITION FUNCTIONS
                                   z               k               U               c               i          deltaT               x               y
Constant                    1.000000       60.623227        0.647061        2.847763        0.899294        0.014834               0        3.747057
z(-1)                              0       -1.058547        0.369605       -0.022291        0.769261        0.012710               0        0.746969
c(-1)                              0       46.838893       -0.280665        0.986359       -0.529243       -0.009652               0        0.457115
x(-1)                       0.900000      -11.353823        0.068034        0.039537        2.007962        0.002340        0.900000        2.047499
e                           1.000000      -12.615359        0.075593        0.043930        2.231069        0.002599        1.000000        2.274999


MOMENTS OF SIMULATED VARIABLES
VARIABLE              MEAN       STD. DEV.        VARIANCE        SKEWNESS        KURTOSIS
z                 0.987899        0.050891        0.002590       -0.035279        0.186763
k                59.907272        1.148590        1.319260        0.330302        0.592352
U                 0.646917        0.020907        0.000437       -0.330351        0.332113
c                 2.828940        0.024902        0.000620        0.079938        0.091487
i                 0.872867        0.145974        0.021308       -0.115039        0.194098
deltaT            0.014829        0.000719        0.000001       -0.330351        0.332113
x                -0.012101        0.050891        0.002590       -0.035279        0.186763
y                 3.701807        0.155149        0.024071        0.023421        0.193009


CORRELATION OF SIMULATED VARIABLES
VARIABLE         z       k       U       c       i  deltaT       x       y
z           1.0000 -0.2797  0.8905  0.3611  0.9914  0.8905  1.0000  0.9907
k          -0.2797  1.0000 -0.4960  0.7944 -0.3423 -0.4960 -0.2797 -0.1946
U           0.8905 -0.4960  1.0000  0.0817  0.9423  1.0000  0.8905  0.8997
c           0.3611  0.7944  0.0817  1.0000  0.2947  0.0817  0.3611  0.4378
i           0.9914 -0.3423  0.9423  0.2947  1.0000  0.9423  0.9914  0.9882
deltaT      0.8905 -0.4960  1.0000  0.0817  0.9423  1.0000  0.8905  0.8997
x           1.0000 -0.2797  0.8905  0.3611  0.9914  0.8905  1.0000  0.9907
y           0.9907 -0.1946  0.8997  0.4378  0.9882  0.8997  0.9907  1.0000


AUTOCORRELATION OF SIMULATED VARIABLES
VARIABLE         1       2       3       4       5
z           0.9020  0.8072  0.7136  0.6358  0.5713
k           0.9650  0.9308  0.8963  0.8665  0.8408
U           0.9210  0.8133  0.7101  0.6223  0.5505
c           0.9977  0.9947  0.9904  0.9848  0.9783
i           0.9337  0.8305  0.7319  0.6471  0.5774
deltaT      0.9210  0.8133  0.7101  0.6223  0.5505
x           0.9020  0.8072  0.7136  0.6358  0.5713
y           0.9395  0.8456  0.7557  0.6781  0.6141
Total computing time : 0h00m03s
